18 3 24.30 36 994.36;18 4 24.30 36 994.36;18 5 24.40 36 994.36;18 6 24.40 36 994.37;18 7 24.30 36 994.36;18 8 24.40 37 994.37;18 9 24.30 36 994.37;18 10 24.40 36 994.37;18 11 24.40 36 994.36;18 12 24.40 36 994.36;18 13 24.40 36 994.36;18 14 24.40 36 994.37;18 15 24.30 36 994.37;18 16 24.40 36 994.37;18 17 24.40 36 994.38;18 18 24.40 36 994.38;18 19 24.40 36 994.39;18 20 24.40 36 994.40;18 21 24.40 36 994.42;18 22 24.40 36 994.44;18 23 24.40 36 994.45;18 24 24.40 36 994.44;18 25 24.40 36 994.45;18 26 24.40 36 994.46;18 27 24.40 36 994.47;18 28 24.30 36 994.46;18 29 24.40 36 994.47;18 30 24.40 36 994.47;18 31 24.40 36 994.46;18 32 24.40 36 994.47;18 33 24.40 36 994.47;18 34 24.40 37 994.48;18 35 24.40 37 994.49;18 36 24.40 37 994.49;18 37 24.40 37 994.50;18 38 24.40 37 994.51;18 39 24.40 37 994.52;18 40 24.40 37 994.53;18 41 24.40 37 994.54;18 42 24.40 37 994.55;18 43 24.40 37 994.56;18 44 24.30 37 994.57;18 45 24.30 37 994.58;18 46 24.40 36 994.60;18 47 24.40 37 994.61;18 48 24.40 37 994.62;18 49 24.40 37 994.63;18 50 24.40 37 994.65;18 51 24.30 37 994.66;18 52 24.40 37 994.68;18 53 24.40 37 994.69;18 54 24.30 37 994.70;18 55 24.40 37 994.72;18 56 24.40 37 994.73;18 57 24.30 37 994.75;18 58 24.40 37 994.76;18 59 24.40 37 994.77;19 0 24.40 36 994.77;19 1 24.40 36 994.78;19 2 24.40 37 994.79;19 3 24.40 37 994.80;19 4 24.40 36 994.80;19 5 24.40 36 994.81;19 6 24.40 37 994.81;19 7 24.40 37 994.81;19 8 24.40 36 994.81;19 9 24.40 37 994.82;19 10 24.50 37 994.83;19 11 24.40 37 994.84;19 12 24.50 37 994.85;19 13 24.40 37 994.87;19 14 24.40 37 994.89;19 15 24.40 37 994.90;19 16 24.40 37 994.92;19 17 24.40 38 994.93;19 18 24.40 37 994.96;19 19 24.40 38 994.97;19 20 24.40 37 994.98;19 21 24.40 38 994.99;19 22 24.40 38 994.99;19 23 24.50 38 995.00;19 24 24.50 38 994.99;19 25 24.50 39 994.99;19 26 24.60 40 995.00;19 27 24.60 40 995.00;19 28 24.60 39 994.99;19 29 24.60 39 995.00;19 30 24.60 40 994.99;19 31 24.50 39 995.00;19 32 24.50 39 995.01;19 33 24.50 41 995.02;19 34 24.50 40 995.02;19 35 24.50 40 995.03;19 36 24.60 40 995.03;19 37 24.60 41 995.03;19 38 24.60 40 995.04;19 39 24.60 41 995.02;19 40 24.60 40 995.02;19 41 24.50 41 995.02;19 42 24.60 41 995.02;19 43 24.60 41 995.02;19 44 24.60 41 995.02;19 45 24.60 40 995.03;19 46 24.60 41 995.03;19 47 24.60 40 995.04;19 48 24.70 40 995.05;19 49 24.60 40 995.07;19 50 24.70 41 995.08;19 51 24.70 40 995.09;19 52 24.70 40 995.09;19 53 24.60 40 995.08;19 54 24.60 39 995.09;19 55 24.60 40 995.08;19 56 24.60 40 995.09;19 57 24.60 39 995.09;19 58 24.60 39 995.10;19 59 24.60 40 995.10;
20 0 24.60 40 995.11;
20 1 24.60 40 995.13;
20 2 24.60 39 995.14;
20 3 24.60 39 995.17;
20 4 24.50 39 995.19;
20 5 24.50 39 995.22;
20 6 24.50 39 995.24;
20 7 24.50 39 995.28;
20 8 24.50 39 995.30;
20 9 24.50 39 995.33;
20 10 24.50 39 995.36;
20 11 24.40 39 995.38;
20 12 24.40 39 995.41;
20 13 24.40 39 995.43;
20 14 24.40 39 995.44;
20 15 24.40 39 995.45;
20 16 24.40 39 995.46;
20 17 24.40 39 995.46;
20 18 24.40 39 995.47;
20 19 24.40 39 995.46;
20 20 24.40 39 995.45;
20 21 24.40 39 995.44;
20 22 24.30 39 995.44;
20 23 24.30 39 995.44;
20 24 24.40 39 995.45;
20 25 24.30 39 995.45;
20 26 24.30 39 995.45;
20 27 24.30 39 995.46;
20 28 24.30 39 995.47;
20 29 24.30 38 995.48;
20 30 24.30 39 995.50;
20 31 24.30 39 995.51;
20 32 24.30 38 995.52;
20 33 24.30 38 995.54;
20 34 24.30 39 995.54;
20 35 24.40 39 995.56;
20 36 24.40 39 995.58;
20 37 24.40 40 995.60;
20 38 24.40 42 995.62;
20 39 24.50 42 995.63;
20 40 24.50 42 995.65;
20 41 24.50 43 995.67;
20 42 24.50 42 995.68;
20 43 24.50 42 995.70;
20 44 24.50 42 995.72;
20 45 24.40 42 995.73;
20 46 24.40 41 995.74;
20 47 24.50 42 995.75;
20 48 24.50 42 995.77;
20 49 24.40 42 995.77;
20 50 24.40 42 995.79;
20 51 24.40 42 995.81;
20 52 24.40 42 995.82;
20 53 24.40 43 995.84;
20 54 24.40 42 995.86;
20 55 24.40 43 995.88;
20 56 24.40 43 995.90;
20 57 24.40 43 995.91;
20 58 24.40 43 995.93;
20 59 24.40 43 995.95;
21 0 24.40 42 995.95;
21 1 24.40 42 995.94;

